01 02 fd 09 00 b6 03 00 00 00 00 00

>>> aa 55 12 07 01 00 00 00 00 00 00 00 00 00 01 00 00 00 00 1b
>>  [b'\xaaU\x01\x02\x01\x01\x0b\xf5\t\x08\x00\xec\x04\x00\x00\x00\x00\x00\x00\x06']
>>> aa 55 01 02 01 01 0b f5 09 08 00 ec 04 00 00 00 00 00 00 06
>>  [b'\xaaU\x01\x02\x01\x01\x02\xfd\t\x08\x00*\x03\x00\x00\x00\x00\x00\x00B']
>>> aa 55 01 02 01 01 02 fd 09 08 00 2a 03 00 00 00 00 00 00 42
>>  [b'\xaaU\x01\x02\x01\x01\x02\xf8\t\x08\x00\x00\x00\x00\x00\x00\x00\x00\x00\x10']
>>> aa 55 01 02 01 01 02 f8 09 08 00 00 00 00 00 00 00 00 00 10
>>  [b'\xaaU\x01\x02\x01\x01\x0b\xf5\t\x08\x00\xa0\x05\x00\x00\x00\x00\x00\x00\xbb']
>>> aa 55 01 02 01 01 0b f5 09 08 00 a0 05 00 00 00 00 00 00 bb
>>  [b'\xaaU\x01\x02\x01\x01\x02\xfd\t\x08\x00\xb6\x03\x00\x00\x00\x00\x00\x00\xce']
>>> aa 55 01 02 01 01 02 fd 09 08 00 b6 03 00 00 00 00 00 00 ce
>>  [b'\xaaU\x01\x02\x01\x01\x02\xf8\t\x08\x00\x00\x00\x00\x00\x00\x00\x00\x00\x10']
>>> aa 55 01 02 01 01 02 f8 09 08 00 00 00 00 00 00 00 00 00 10
>>  [b'\xaaU\x01\x02\x01\x01\x0b\xf5\t\x08\x00\xb4\x05\x00\x00\x00\x00\x00\x00\xcf']
>>> aa 55 01 02 01 01 0b f5 09 08 00 b4 05 00 00 00 00 00 00 cf
>>  [b'\xaaU\x01\x02\x01\x01\x02\xfd\t\x08\x00 \x03\x00\x00\x00\x00\x00\x008']
>>> aa 55 01 02 01 01 02 fd 09 08 00 20 03 00 00 00 00 00 00 38
>>  [b'\xaaU\x01\x02\x01\x01\x02\xf8\t\x08\x00\x00\x00\x00\x00\x00\x00\x00\x00\x10']
>>> aa 55 01 02 01 01 02 f8 09 08 00 00 00 00 00 00 00 00 00 10
>>  [b'\xaaU\x01\x02\x01\x01\x0b\xf5\t\x08\x00d\x05\x00\x00\x00\x00\x00\x00\x7f']
>>> aa 55 01 02 01 01 0b f5 09 08 00 64 05 00 00 00 00 00 00 7f
>>  [b'\xaaU\x01\x02\x01\x01\x02\xfd\t\x08\x00\xca\x03\x00\x00\x00\x00\x00\x00\xe2']
>>> aa 55 01 02 01 01 02 fd 09 08 00 ca 03 00 00 00 00 00 00 e2
>>  [b'\xaaU\x01\x02\x01\x01\x02\xf8\t\x08\x00\x00\x00\x00\x00\x00\x00\x00\x00\x10']
>>> aa 55 01 02 01 01 02 f8 09 08 00 00 00 00 00 00 00 00 00 10
>>  [b'\xaaU\x01\x02\x01\x01\x0b\xf5\t\x08\x00\xb4\x05\x00\x00\x00\x00\x00\x00\xcf']
>>> aa 55 01 02 01 01 0b f5 09 08 00 b4 05 00 00 00 00 00 00 cf
>>  [b'\xaaU\x01\x02\x01\x01\x02\xfd\t\x08\x00\xb6\x03\x00\x00\x00\x00\x00\x00\xce']
>>> aa 55 01 02 01 01 02 fd 09 08 00 b6 03 00 00 00 00 00 00 ce
>>  [b'\xaaU\x01\x02\x01\x01\x02\xf8\t\x08\x00\x00\x00\x00\x00\x00\x00\x00\x00\x10']
>>> aa 55 01 02 01 01 02 f8 09 08 00 00 00 00 00 00 00 00 00 10
>>  [b'\xaaU\x01\x02\x01\x01\x0b\xf5\t\x08\x00\xbe\x05\x00\x00\x00\x00\x00\x00\xd9']
>>> aa 55 01 02 01 01 0b f5 09 08 00 be 05 00 00 00 00 00 00 d9
>>  [b'\xaaU\x01\x02\x01\x01\x02\xfd\t\x08\x00\xfc\x03\x00\x00\x00\x00\x00\x00\x14']
>>> aa 55 01 02 01 01 02 fd 09 08 00 fc 03 00 00 00 00 00 00 14
>>  [b'\xaaU\x01\x02\x01\x01\x02\xf8\t\x08\x00\x00\x00\x00\x00\x00\x00\x00\x00\x10']
>>> aa 55 01 02 01 01 02 f8 09 08 00 00 00 00 00 00 00 00 00 10
>>  [b'\xaaU\x01\x02\x01\x01\x0b\xf5\t\x08\x00\xbe\x05\x00\x00\x00\x00\x00\x00\xd9']
>>> aa 55 01 02 01 01 0b f5 09 08 00 be 05 00 00 00 00 00 00 d9
>>  [b'\xaaU\x01\x02\x01\x01\x02\xfd\t\x08\x00\x98\x03\x00\x00\x00\x00\x00\x00\xb0']
>>> aa 55 01 02 01 01 02 fd 09 08 00 98 03 00 00 00 00 00 00 b0
>>  [b'\xaaU\x01\x02\x01\x01\x02\xf8\t\x08\x00\x00\x00\x00\x00\x00\x00\x00\x00\x10']
>>> aa 55 01 02 01 01 02 f8 09 08 00 00 00 00 00 00 00 00 00 10
>>  [b'\xaaU\x01\x02\x01\x01\x0b\xf5\t\x08\x00d\x05\x00\x00\x00\x00\x00\x00\x7f']
>>> aa 55 01 02 01 01 0b f5 09 08 00 64 05 00 00 00 00 00 00 7f
>>  [b'\xaaU\x01\x02\x01\x01\x02\xfd\t\x08\x00$\x04\x00\x00\x00\x00\x00\x00=']
>>> aa 55 01 02 01 01 02 fd 09 08 00 24 04 00 00 00 00 00 00 3d
>>  [b'\xaaU\x01\x02\x01\x01\x02\xf8\t\x08\x00\x00\x00\x00\x00\x00\x00\x00\x00\x10']
>>> aa 55 01 02 01 01 02 f8 09 08 00 00 00 00 00 00 00 00 00 10
>>  [b'\xaaU\x01\x02\x01\x01\x0b\xf5\t\x08\x00\xc8\x05\x00\x00\x00\x00\x00\x00\xe3']
>>> aa 55 01 02 01 01 0b f5 09 08 00 c8 05 00 00 00 00 00 00 e3
>>  [b'\xaaU\x01\x02\x01\x01\x02\xfd\t\x08\x00\xc0\x03\x00\x00\x00\x00\x00\x00\xd8']
>>> aa 55 01 02 01 01 02 fd 09 08 00 c0 03 00 00 00 00 00 00 d8
>>  [b'\xaaU\x01\x02\x01\x01\x02\xf8\t\x08\x00\x00\x00\x00\x00\x00\x00\x00\x00\x10']
>>> aa 55 01 02 01 01 02 f8 09 08 00 00 00 00 00 00 00 00 00 10
>>  [b'\xaaU\x01\x02\x01\x01\x0b\xf5\t\x08\x00\xe6\x05\x00\x00\x00\x00\x00\x00\x01']
>>> aa 55 01 02 01 01 0b f5 09 08 00 e6 05 00 00 00 00 00 00 01
>>  [b'\xaaU\x01\x02\x01\x01\x02\xfd\t\x08\x00$\x04\x00\x00\x00\x00\x00\x00=']
>>> aa 55 01 02 01 01 02 fd 09 08 00 24 04 00 00 00 00 00 00 3d
>>  [b'\xaaU\x01\x02\x01\x01\x02\xf8\t\x08\x00\x00\x00\x00\x00\x00\x00\x00\x00\x10']
>>> aa 55 01 02 01 01 02 f8 09 08 00 00 00 00 00 00 00 00 00 10
>>  [b'\xaaU\x01\x02\x01\x01\x0b\xf5\t\x08\x00\xbe\x05\x00\x00\x00\x00\x00\x00\xd9']
>>> aa 55 01 02 01 01 0b f5 09 08 00 be 05 00 00 00 00 00 00 d9
>>  [b'\xaaU\x01\x02\x01\x01\x02\xfd\t\x08\x00\x92\x04\x00\x00\x00\x00\x00\x00\xab']
>>> aa 55 01 02 01 01 02 fd 09 08 00 92 04 00 00 00 00 00 00 ab
>>  [b'\xaaU\x01\x02\x01\x01\x02\xf8\t\x08\x00\x00\x00\x00\x00\x00\x00\x00\x00\x10']
>>> aa 55 01 02 01 01 02 f8 09 08 00 00 00 00 00 00 00 00 00 10
>>  [b'\xaaU\x01\x02\x01\x01\x0b\xf5\t\x08\x00\xd2\x05\x00\x00\x00\x00\x00\x00\xed']
>>> aa 55 01 02 01 01 0b f5 09 08 00 d2 05 00 00 00 00 00 00 ed
>>  [b'\xaaU\x01\x02\x01\x01\x02\xfd\t\x08\x00~\x04\x00\x00\x00\x00\x00\x00\x97']
>>> aa 55 01 02 01 01 02 fd 09 08 00 7e 04 00 00 00 00 00 00 97
>>  [b'\xaaU\x01\x02\x01\x01\x02\xf8\t\x08\x00\x00\x00\x00\x00\x00\x00\x00\x00\x10']
>>> aa 55 01 02 01 01 02 f8 09 08 00 00 00 00 00 00 00 00 00 10